  -400.0000  0.13207E-04
  -396.3636  0.15945E-04
  -392.7273  0.19189E-04
  -389.0909  0.23022E-04
  -385.4545  0.27536E-04
  -381.8182  0.32837E-04
  -378.1818  0.39042E-04
  -374.5455  0.46286E-04
  -370.9091  0.54719E-04
  -367.2727  0.64510E-04
  -363.6364  0.75845E-04
  -360.0000  0.88936E-04
  -356.3636  0.10402E-03
  -352.7273  0.12134E-03
  -349.0909  0.14121E-03
  -345.4545  0.16392E-03
  -341.8182  0.18983E-03
  -338.1818  0.21933E-03
  -334.5455  0.25282E-03
  -330.9091  0.29077E-03
  -327.2727  0.33368E-03
  -323.6364  0.38208E-03
  -320.0000  0.43656E-03
  -316.3636  0.49775E-03
  -312.7273  0.56633E-03
  -309.0909  0.64304E-03
  -305.4545  0.72864E-03
  -301.8182  0.82399E-03
  -298.1818  0.92996E-03
  -294.5455  0.10475E-02
  -290.9091  0.11776E-02
  -287.2727  0.13212E-02
  -283.6364  0.14796E-02
  -280.0000  0.16537E-02
  -276.3636  0.18449E-02
  -272.7273  0.20543E-02
  -269.0909  0.22831E-02
  -265.4545  0.25326E-02
  -261.8182  0.28042E-02
  -258.1818  0.30992E-02
  -254.5455  0.34187E-02
  -250.9091  0.37642E-02
  -247.2727  0.41369E-02
  -243.6364  0.45380E-02
  -240.0000  0.49686E-02
  -236.3636  0.54299E-02
  -232.7273  0.59229E-02
  -229.0909  0.64483E-02
  -225.4545  0.70070E-02
  -221.8182  0.75994E-02
  -218.1818  0.82261E-02
  -214.5455  0.88870E-02
  -210.9091  0.95822E-02
  -207.2727  0.10311E-01
  -203.6364  0.11073E-01
  -200.0000  0.11868E-01
  -196.3636  0.12693E-01
  -192.7273  0.13547E-01
  -189.0909  0.14428E-01
  -185.4545  0.15333E-01
  -181.8182  0.16259E-01
  -178.1818  0.17203E-01
  -174.5455  0.18160E-01
  -170.9091  0.19127E-01
  -167.2727  0.20097E-01
  -163.6364  0.21065E-01
  -160.0000  0.22026E-01
  -156.3636  0.22972E-01
  -152.7273  0.23897E-01
  -149.0909  0.24792E-01
  -145.4545  0.25652E-01
  -141.8182  0.26466E-01
  -138.1818  0.27228E-01
  -134.5455  0.27928E-01
  -130.9091  0.28557E-01
  -127.2727  0.29108E-01
  -123.6364  0.29573E-01
  -120.0000  0.29941E-01
  -116.3636  0.30208E-01
  -112.7273  0.30364E-01
  -109.0909  0.30404E-01
  -105.4545  0.30322E-01
  -101.8182  0.30113E-01
   -98.1818  0.29775E-01
   -94.5455  0.29305E-01
   -90.9091  0.28702E-01
   -87.2727  0.27967E-01
   -83.6364  0.27104E-01
   -80.0000  0.26116E-01
   -76.3636  0.25009E-01
   -72.7273  0.23792E-01
   -69.0909  0.22474E-01
   -65.4545  0.21067E-01
   -61.8182  0.19584E-01
   -58.1818  0.18040E-01
   -54.5455  0.16452E-01
   -50.9091  0.14838E-01
   -47.2727  0.13216E-01
   -43.6364  0.11606E-01
   -40.0000  0.10028E-01
   -36.3636  0.85014E-02
   -32.7273  0.70474E-02
   -29.0909  0.56852E-02
   -25.4545  0.44335E-02
   -21.8182  0.33096E-02
   -18.1818  0.23297E-02
   -14.5455  0.15076E-02
   -10.9091  0.85539E-03
    -7.2727  0.38253E-03
    -3.6364  0.95987E-04
     0.0000   0.0000    
     3.6364  0.95987E-04
     7.2727  0.38253E-03
    10.9091  0.85539E-03
    14.5455  0.15076E-02
    18.1818  0.23297E-02
    21.8182  0.33096E-02
    25.4545  0.44335E-02
    29.0909  0.56852E-02
    32.7273  0.70474E-02
    36.3636  0.85014E-02
    40.0000  0.10028E-01
    43.6364  0.11606E-01
    47.2727  0.13216E-01
    50.9091  0.14838E-01
    54.5455  0.16452E-01
    58.1818  0.18040E-01
    61.8182  0.19584E-01
    65.4545  0.21067E-01
    69.0909  0.22474E-01
    72.7273  0.23792E-01
    76.3636  0.25009E-01
    80.0000  0.26116E-01
    83.6364  0.27104E-01
    87.2727  0.27967E-01
    90.9091  0.28702E-01
    94.5455  0.29305E-01
    98.1818  0.29775E-01
   101.8182  0.30113E-01
   105.4545  0.30322E-01
   109.0909  0.30404E-01
   112.7273  0.30364E-01
   116.3636  0.30208E-01
   120.0000  0.29941E-01
   123.6364  0.29573E-01
   127.2727  0.29108E-01
   130.9091  0.28557E-01
   134.5455  0.27928E-01
   138.1818  0.27228E-01
   141.8182  0.26466E-01
   145.4545  0.25652E-01
   149.0909  0.24792E-01
   152.7273  0.23897E-01
   156.3636  0.22972E-01
   160.0000  0.22026E-01
   163.6364  0.21065E-01
   167.2727  0.20097E-01
   170.9091  0.19127E-01
   174.5455  0.18160E-01
   178.1818  0.17203E-01
   181.8182  0.16259E-01
   185.4545  0.15333E-01
   189.0909  0.14428E-01
   192.7273  0.13547E-01
   196.3636  0.12693E-01
   200.0000  0.11868E-01
   203.6364  0.11073E-01
   207.2727  0.10311E-01
   210.9091  0.95822E-02
   214.5455  0.88870E-02
   218.1818  0.82261E-02
   221.8182  0.75994E-02
   225.4545  0.70070E-02
   229.0909  0.64483E-02
   232.7273  0.59229E-02
   236.3636  0.54299E-02
   240.0000  0.49686E-02
   243.6364  0.45380E-02
   247.2727  0.41369E-02
   250.9091  0.37642E-02
   254.5455  0.34187E-02
   258.1818  0.30992E-02
   261.8182  0.28042E-02
   265.4545  0.25326E-02
   269.0909  0.22831E-02
   272.7273  0.20543E-02
   276.3636  0.18449E-02
   280.0000  0.16537E-02
   283.6364  0.14796E-02
   287.2727  0.13212E-02
   290.9091  0.11776E-02
   294.5455  0.10475E-02
   298.1818  0.92996E-03
   301.8182  0.82399E-03
   305.4545  0.72864E-03
   309.0909  0.64304E-03
   312.7273  0.56633E-03
   316.3636  0.49775E-03
   320.0000  0.43656E-03
   323.6364  0.38208E-03
   327.2727  0.33368E-03
   330.9091  0.29077E-03
   334.5455  0.25282E-03
   338.1818  0.21933E-03
   341.8182  0.18983E-03
   345.4545  0.16392E-03
   349.0909  0.14121E-03
   352.7273  0.12134E-03
   356.3636  0.10402E-03
   360.0000  0.88936E-04
   363.6364  0.75845E-04
   367.2727  0.64510E-04
   370.9091  0.54719E-04
   374.5455  0.46286E-04
   378.1818  0.39042E-04
   381.8182  0.32837E-04
   385.4545  0.27536E-04
   389.0909  0.23022E-04
   392.7273  0.19189E-04
   396.3636  0.15945E-04
   400.0000  0.13207E-04
