 12O 2plus1 JacobiT correlations

 50 x 50 matrix of 2d correlation, where bottom left is cosTheta=-1, Epp/Etotal = 0
 and top right is cosTheta=1, Epp/Etotal = 1
4 6 3 5 8 3 3 4 5 2 2 7 2 2 5 5 3 5 2 6 3 4 4 5 2 2 5 4 4 3 6 2 5 3 5 5 2 2 7 2 2 5 4 3 3 8 5 3 6 4 
32 29 19 21 22 21 21 19 31 25 22 20 29 25 23 21 24 22 28 19 31 27 16 21 23 23 21 16 27 31 19 28 22 24 21 23 25 29 20 22 25 31 19 21 21 22 21 19 29 32 
53 59 54 46 49 34 41 45 31 42 47 39 47 47 34 43 38 47 34 36 32 36 43 48 38 38 48 43 36 32 36 34 47 38 43 34 47 47 39 47 42 31 45 41 34 49 46 54 59 53 
65 60 55 57 72 67 75 71 65 57 59 60 53 68 38 46 39 63 65 56 51 62 49 53 58 58 53 49 62 51 56 65 63 39 46 38 68 53 60 59 57 65 71 75 67 72 57 55 60 65 
69 74 75 84 68 77 78 77 67 64 67 67 75 74 63 54 55 60 57 67 52 77 69 71 67 67 71 69 77 52 67 57 60 55 54 63 74 75 67 67 64 67 77 78 77 68 84 75 74 69 
37 68 69 67 88 81 83 100 79 90 68 76 86 73 92 68 78 80 66 84 70 54 94 71 79 79 71 94 54 70 84 66 80 78 68 92 73 86 76 68 90 79 100 83 81 88 67 69 68 37 
34 50 61 58 60 71 85 84 99 77 85 88 91 86 78 75 86 63 88 78 83 87 73 80 71 71 80 73 87 83 78 88 63 86 75 78 86 91 88 85 77 99 84 85 71 60 58 61 50 34 
31 28 37 54 50 64 82 71 85 90 70 73 80 77 96 77 69 76 78 81 76 78 76 98 63 63 98 76 78 76 81 78 76 69 77 96 77 80 73 70 90 85 71 82 64 50 54 37 28 31 
24 37 38 46 46 60 71 80 69 69 88 89 88 77 81 87 74 58 80 80 81 88 78 73 84 84 73 78 88 81 80 80 58 74 87 81 77 88 89 88 69 69 80 71 60 46 46 38 37 24 
11 20 28 30 35 47 55 50 73 75 78 96 94 88 94 77 79 73 59 84 77 60 79 90 93 93 90 79 60 77 84 59 73 79 77 94 88 94 96 78 75 73 50 55 47 35 30 28 20 11 
12 9 22 33 25 34 44 42 50 58 75 81 81 79 72 74 69 74 68 69 53 87 80 75 75 75 75 80 87 53 69 68 74 69 74 72 79 81 81 75 58 50 42 44 34 25 33 22 9 12 
10 10 20 21 30 25 46 36 47 55 70 73 80 65 85 76 65 66 75 67 65 70 73 88 86 86 88 73 70 65 67 75 66 65 76 85 65 80 73 70 55 47 36 46 25 30 21 20 10 10 
7 9 14 23 15 31 37 36 52 61 61 81 83 90 82 85 64 60 72 70 67 74 74 86 82 82 86 74 74 67 70 72 60 64 85 82 90 83 81 61 61 52 36 37 31 15 23 14 9 7 
5 6 9 12 14 32 14 32 50 68 54 81 70 79 80 70 81 81 62 66 71 76 64 58 66 66 58 64 76 71 66 62 81 81 70 80 79 70 81 54 68 50 32 14 32 14 12 9 6 5 
3 7 5 7 12 22 33 42 34 44 44 58 66 67 82 68 63 56 59 54 80 57 51 69 80 80 69 51 57 80 54 59 56 63 68 82 67 66 58 44 44 34 42 33 22 12 7 5 7 3 
2 4 11 4 14 27 24 24 36 40 46 60 69 74 69 77 80 81 78 61 51 73 71 72 70 70 72 71 73 51 61 78 81 80 77 69 74 69 60 46 40 36 24 24 27 14 4 11 4 2 
3 4 10 9 10 15 18 26 40 50 61 45 66 74 65 84 68 71 59 59 54 66 65 84 83 83 84 65 66 54 59 59 71 68 84 65 74 66 45 61 50 40 26 18 15 10 9 10 4 3 
0 1 2 6 10 15 23 26 33 41 46 53 72 74 61 68 61 81 70 55 50 73 50 63 74 74 63 50 73 50 55 70 81 61 68 61 74 72 53 46 41 33 26 23 15 10 6 2 1 0 
2 2 6 4 9 14 19 24 27 28 44 48 60 72 68 75 89 77 63 79 52 56 63 75 83 83 75 63 56 52 79 63 77 89 75 68 72 60 48 44 28 27 24 19 14 9 4 6 2 2 
0 2 2 2 4 12 16 19 24 51 45 51 58 53 61 66 59 58 67 52 68 52 55 63 59 59 63 55 52 68 52 67 58 59 66 61 53 58 51 45 51 24 19 16 12 4 2 2 2 0 
0 3 2 9 8 10 8 14 21 40 32 45 48 64 72 78 71 74 53 53 58 62 60 51 67 67 51 60 62 58 53 53 74 71 78 72 64 48 45 32 40 21 14 8 10 8 9 2 3 0 
1 3 1 6 8 8 15 18 20 37 42 52 68 61 78 79 76 47 52 59 51 53 56 71 66 66 71 56 53 51 59 52 47 76 79 78 61 68 52 42 37 20 18 15 8 8 6 1 3 1 
0 3 5 4 6 10 10 14 21 33 27 34 51 63 66 63 66 64 68 56 50 51 50 47 57 57 47 50 51 50 56 68 64 66 63 66 63 51 34 27 33 21 14 10 10 6 4 5 3 0 
1 2 6 5 8 8 11 23 16 17 43 48 60 68 83 64 74 67 47 58 34 51 53 70 65 65 70 53 51 34 58 47 67 74 64 83 68 60 48 43 17 16 23 11 8 8 5 6 2 1 
1 3 0 5 6 3 18 18 22 32 33 48 43 52 61 68 55 70 54 46 66 43 54 48 47 47 48 54 43 66 46 54 70 55 68 61 52 43 48 33 32 22 18 18 3 6 5 0 3 1 
0 3 5 2 9 7 9 15 11 29 25 51 47 52 54 59 64 64 56 49 45 41 50 51 53 53 51 50 41 45 49 56 64 64 59 54 52 47 51 25 29 11 15 9 7 9 2 5 3 0 
0 1 4 3 5 8 12 12 18 26 26 36 41 48 66 53 55 52 73 50 58 58 39 52 48 48 52 39 58 58 50 73 52 55 53 66 48 41 36 26 26 18 12 12 8 5 3 4 1 0 
1 0 2 3 6 9 12 10 14 16 43 52 44 42 50 67 58 66 56 51 56 43 49 51 41 41 51 49 43 56 51 56 66 58 67 50 42 44 52 43 16 14 10 12 9 6 3 2 0 1 
0 2 1 3 9 11 9 13 14 23 31 29 48 50 48 66 62 66 59 49 43 36 58 48 43 43 48 58 36 43 49 59 66 62 66 48 50 48 29 31 23 14 13 9 11 9 3 1 2 0 
2 0 4 6 6 6 12 16 20 26 30 37 35 50 57 62 68 52 53 68 44 52 54 36 35 35 36 54 52 44 68 53 52 68 62 57 50 35 37 30 26 20 16 12 6 6 6 4 0 2 
2 2 2 6 4 3 15 19 23 20 21 31 37 56 63 60 68 60 42 56 51 47 33 28 41 41 28 33 47 51 56 42 60 68 60 63 56 37 31 21 20 23 19 15 3 4 6 2 2 2 
0 0 2 3 5 10 10 15 21 20 25 42 41 49 42 52 44 60 57 50 48 33 46 31 38 38 31 46 33 48 50 57 60 44 52 42 49 41 42 25 20 21 15 10 10 5 3 2 0 0 
0 1 5 3 9 12 23 12 18 30 36 31 42 51 55 60 42 61 61 42 43 41 51 50 38 38 50 51 41 43 42 61 61 42 60 55 51 42 31 36 30 18 12 23 12 9 3 5 1 0 
4 2 6 4 3 11 7 16 17 21 29 32 31 49 46 73 73 47 60 46 44 41 31 35 38 38 35 31 41 44 46 60 47 73 73 46 49 31 32 29 21 17 16 7 11 3 4 6 2 4 
2 1 3 7 9 6 12 21 28 24 32 30 47 36 45 56 45 62 53 42 38 35 32 30 29 29 30 32 35 38 42 53 62 45 56 45 36 47 30 32 24 28 21 12 6 9 7 3 1 2 
3 3 3 10 11 7 18 14 18 27 37 39 43 43 55 38 60 53 50 49 40 42 40 36 41 41 36 40 42 40 49 50 53 60 38 55 43 43 39 37 27 18 14 18 7 11 10 3 3 3 
2 3 4 10 7 17 8 24 15 30 28 43 47 44 42 43 50 49 53 52 37 38 38 33 32 32 33 38 38 37 52 53 49 50 43 42 44 47 43 28 30 15 24 8 17 7 10 4 3 2 
5 6 5 19 10 10 10 16 31 24 34 29 40 51 41 44 53 48 41 43 39 33 28 30 41 41 30 28 33 39 43 41 48 53 44 41 51 40 29 34 24 31 16 10 10 10 19 5 6 5 
7 12 9 18 7 9 13 21 19 29 33 47 48 37 40 47 42 36 42 30 33 35 32 45 31 31 45 32 35 33 30 42 36 42 47 40 37 48 47 33 29 19 21 13 9 7 18 9 12 7 
4 5 8 12 13 9 9 16 23 33 34 41 51 40 61 49 37 40 48 47 42 38 31 39 31 31 39 31 38 42 47 48 40 37 49 61 40 51 41 34 33 23 16 9 9 13 12 8 5 4 
5 7 9 16 10 20 19 18 31 22 46 43 43 58 35 58 45 41 28 29 34 27 43 32 34 34 32 43 27 34 29 28 41 45 58 35 58 43 43 46 22 31 18 19 20 10 16 9 7 5 
13 5 5 12 21 15 17 24 31 34 37 39 38 50 47 41 37 26 30 34 34 34 23 38 33 33 38 23 34 34 34 30 26 37 41 47 50 38 39 37 34 31 24 17 15 21 12 5 5 13 
4 4 10 19 13 21 22 21 27 34 30 26 39 48 37 36 52 31 32 28 29 22 22 23 20 20 23 22 22 29 28 32 31 52 36 37 48 39 26 30 34 27 21 22 21 13 19 10 4 4 
12 7 11 22 13 19 20 25 41 36 36 34 39 30 38 47 41 45 36 29 24 30 27 28 29 29 28 27 30 24 29 36 45 41 47 38 30 39 34 36 36 41 25 20 19 13 22 11 7 12 
13 12 11 18 20 19 24 28 41 37 24 42 29 34 30 26 42 31 31 29 32 25 22 23 21 21 23 22 25 32 29 31 31 42 26 30 34 29 42 24 37 41 28 24 19 20 18 11 12 13 
10 12 10 21 17 16 21 27 37 30 28 37 44 41 26 30 34 40 19 22 24 20 19 14 18 18 14 19 20 24 22 19 40 34 30 26 41 44 37 28 30 37 27 21 16 17 21 10 12 10 
7 17 15 22 23 26 23 33 29 31 35 36 42 31 35 24 26 25 20 16 14 32 24 14 21 21 14 24 32 14 16 20 25 26 24 35 31 42 36 35 31 29 33 23 26 23 22 15 17 7 
17 22 31 21 18 21 28 28 31 30 20 25 27 19 23 16 12 22 27 22 12 18 17 15 17 17 15 17 18 12 22 27 22 12 16 23 19 27 25 20 30 31 28 28 21 18 21 31 22 17 
23 20 18 13 24 19 25 22 16 21 13 22 18 18 17 14 19 12 14 12 12 15 20 16 9 9 16 20 15 12 12 14 12 19 14 17 18 18 22 13 21 16 22 25 19 24 13 18 20 23 
9 6 5 8 6 7 14 3 16 8 3 7 2 9 2 6 8 7 10 13 6 7 13 10 6 6 10 13 7 6 13 10 7 8 6 2 9 2 7 3 8 16 3 14 7 6 8 5 6 9 
