  -400.0000  0.10043E-05
  -396.3636  0.12325E-05
  -392.7273  0.15100E-05
  -389.0909  0.18463E-05
  -385.4545  0.22527E-05
  -381.8182  0.27425E-05
  -378.1818  0.33308E-05
  -374.5455  0.40357E-05
  -370.9091  0.48778E-05
  -367.2727  0.58812E-05
  -363.6364  0.70737E-05
  -360.0000  0.84871E-05
  -356.3636  0.10158E-04
  -352.7273  0.12130E-04
  -349.0909  0.14449E-04
  -345.4545  0.17172E-04
  -341.8182  0.20361E-04
  -338.1818  0.24088E-04
  -334.5455  0.28433E-04
  -330.9091  0.33490E-04
  -327.2727  0.39360E-04
  -323.6364  0.46163E-04
  -320.0000  0.54029E-04
  -316.3636  0.63107E-04
  -312.7273  0.73563E-04
  -309.0909  0.85583E-04
  -305.4545  0.99375E-04
  -301.8182  0.11517E-03
  -298.1818  0.13323E-03
  -294.5455  0.15383E-03
  -290.9091  0.17729E-03
  -287.2727  0.20397E-03
  -283.6364  0.23426E-03
  -280.0000  0.26856E-03
  -276.3636  0.30737E-03
  -272.7273  0.35118E-03
  -269.0909  0.40057E-03
  -265.4545  0.45614E-03
  -261.8182  0.51857E-03
  -258.1818  0.58859E-03
  -254.5455  0.66698E-03
  -250.9091  0.75461E-03
  -247.2727  0.85240E-03
  -243.6364  0.96135E-03
  -240.0000  0.10825E-02
  -236.3636  0.12171E-02
  -232.7273  0.13663E-02
  -229.0909  0.15314E-02
  -225.4545  0.17139E-02
  -221.8182  0.19151E-02
  -218.1818  0.21368E-02
  -214.5455  0.23805E-02
  -210.9091  0.26481E-02
  -207.2727  0.29412E-02
  -203.6364  0.32619E-02
  -200.0000  0.36122E-02
  -196.3636  0.39940E-02
  -192.7273  0.44096E-02
  -189.0909  0.48610E-02
  -185.4545  0.53506E-02
  -181.8182  0.58806E-02
  -178.1818  0.64533E-02
  -174.5455  0.70711E-02
  -170.9091  0.77361E-02
  -167.2727  0.84506E-02
  -163.6364  0.92170E-02
  -160.0000  0.10037E-01
  -156.3636  0.10914E-01
  -152.7273  0.11848E-01
  -149.0909  0.12841E-01
  -145.4545  0.13896E-01
  -141.8182  0.15014E-01
  -138.1818  0.16195E-01
  -134.5455  0.17441E-01
  -130.9091  0.18751E-01
  -127.2727  0.20127E-01
  -123.6364  0.21567E-01
  -120.0000  0.23072E-01
  -116.3636  0.24639E-01
  -112.7273  0.26267E-01
  -109.0909  0.27954E-01
  -105.4545  0.29696E-01
  -101.8182  0.31491E-01
   -98.1818  0.33335E-01
   -94.5455  0.35222E-01
   -90.9091  0.37147E-01
   -87.2727  0.39104E-01
   -83.6364  0.41088E-01
   -80.0000  0.43089E-01
   -76.3636  0.45101E-01
   -72.7273  0.47114E-01
   -69.0909  0.49121E-01
   -65.4545  0.51112E-01
   -61.8182  0.53076E-01
   -58.1818  0.55004E-01
   -54.5455  0.56885E-01
   -50.9091  0.58709E-01
   -47.2727  0.60465E-01
   -43.6364  0.62142E-01
   -40.0000  0.63731E-01
   -36.3636  0.65220E-01
   -32.7273  0.66601E-01
   -29.0909  0.67864E-01
   -25.4545  0.69000E-01
   -21.8182  0.70002E-01
   -18.1818  0.70862E-01
   -14.5455  0.71574E-01
   -10.9091  0.72134E-01
    -7.2727  0.72537E-01
    -3.6364  0.72779E-01
     0.0000  0.72861E-01
     3.6364  0.72779E-01
     7.2727  0.72537E-01
    10.9091  0.72134E-01
    14.5455  0.71574E-01
    18.1818  0.70862E-01
    21.8182  0.70002E-01
    25.4545  0.69000E-01
    29.0909  0.67864E-01
    32.7273  0.66601E-01
    36.3636  0.65220E-01
    40.0000  0.63731E-01
    43.6364  0.62142E-01
    47.2727  0.60465E-01
    50.9091  0.58709E-01
    54.5455  0.56885E-01
    58.1818  0.55004E-01
    61.8182  0.53076E-01
    65.4545  0.51112E-01
    69.0909  0.49121E-01
    72.7273  0.47114E-01
    76.3636  0.45101E-01
    80.0000  0.43089E-01
    83.6364  0.41088E-01
    87.2727  0.39104E-01
    90.9091  0.37147E-01
    94.5455  0.35222E-01
    98.1818  0.33335E-01
   101.8182  0.31491E-01
   105.4545  0.29696E-01
   109.0909  0.27954E-01
   112.7273  0.26267E-01
   116.3636  0.24639E-01
   120.0000  0.23072E-01
   123.6364  0.21567E-01
   127.2727  0.20127E-01
   130.9091  0.18751E-01
   134.5455  0.17441E-01
   138.1818  0.16195E-01
   141.8182  0.15014E-01
   145.4545  0.13896E-01
   149.0909  0.12841E-01
   152.7273  0.11848E-01
   156.3636  0.10914E-01
   160.0000  0.10037E-01
   163.6364  0.92170E-02
   167.2727  0.84506E-02
   170.9091  0.77361E-02
   174.5455  0.70711E-02
   178.1818  0.64533E-02
   181.8182  0.58806E-02
   185.4545  0.53506E-02
   189.0909  0.48610E-02
   192.7273  0.44096E-02
   196.3636  0.39940E-02
   200.0000  0.36122E-02
   203.6364  0.32619E-02
   207.2727  0.29412E-02
   210.9091  0.26481E-02
   214.5455  0.23805E-02
   218.1818  0.21368E-02
   221.8182  0.19151E-02
   225.4545  0.17139E-02
   229.0909  0.15314E-02
   232.7273  0.13663E-02
   236.3636  0.12171E-02
   240.0000  0.10825E-02
   243.6364  0.96135E-03
   247.2727  0.85240E-03
   250.9091  0.75461E-03
   254.5455  0.66698E-03
   258.1818  0.58859E-03
   261.8182  0.51857E-03
   265.4545  0.45614E-03
   269.0909  0.40057E-03
   272.7273  0.35118E-03
   276.3636  0.30737E-03
   280.0000  0.26856E-03
   283.6364  0.23426E-03
   287.2727  0.20397E-03
   290.9091  0.17729E-03
   294.5455  0.15383E-03
   298.1818  0.13323E-03
   301.8182  0.11517E-03
   305.4545  0.99375E-04
   309.0909  0.85583E-04
   312.7273  0.73563E-04
   316.3636  0.63107E-04
   320.0000  0.54029E-04
   323.6364  0.46163E-04
   327.2727  0.39360E-04
   330.9091  0.33490E-04
   334.5455  0.28433E-04
   338.1818  0.24088E-04
   341.8182  0.20361E-04
   345.4545  0.17172E-04
   349.0909  0.14449E-04
   352.7273  0.12130E-04
   356.3636  0.10158E-04
   360.0000  0.84871E-05
   363.6364  0.70737E-05
   367.2727  0.58812E-05
   370.9091  0.48778E-05
   374.5455  0.40357E-05
   378.1818  0.33308E-05
   381.8182  0.27425E-05
   385.4545  0.22527E-05
   389.0909  0.18463E-05
   392.7273  0.15100E-05
   396.3636  0.12325E-05
   400.0000  0.10043E-05
