  -400.0000  0.23407E-04
  -396.3636  0.27717E-04
  -392.7273  0.32704E-04
  -389.0909  0.38456E-04
  -385.4545  0.45071E-04
  -381.8182  0.52656E-04
  -378.1818  0.61327E-04
  -374.5455  0.71211E-04
  -370.9091  0.82447E-04
  -367.2727  0.95186E-04
  -363.6364  0.10959E-03
  -360.0000  0.12583E-03
  -356.3636  0.14410E-03
  -352.7273  0.16460E-03
  -349.0909  0.18754E-03
  -345.4545  0.21316E-03
  -341.8182  0.24169E-03
  -338.1818  0.27339E-03
  -334.5455  0.30852E-03
  -330.9091  0.34738E-03
  -327.2727  0.39024E-03
  -323.6364  0.43743E-03
  -320.0000  0.48924E-03
  -316.3636  0.54601E-03
  -312.7273  0.60806E-03
  -309.0909  0.67574E-03
  -305.4545  0.74937E-03
  -301.8182  0.82931E-03
  -298.1818  0.91588E-03
  -294.5455  0.10094E-02
  -290.9091  0.11103E-02
  -287.2727  0.12187E-02
  -283.6364  0.13351E-02
  -280.0000  0.14596E-02
  -276.3636  0.15926E-02
  -272.7273  0.17342E-02
  -269.0909  0.18847E-02
  -265.4545  0.20442E-02
  -261.8182  0.22129E-02
  -258.1818  0.23906E-02
  -254.5455  0.25776E-02
  -250.9091  0.27736E-02
  -247.2727  0.29786E-02
  -243.6364  0.31924E-02
  -240.0000  0.34146E-02
  -236.3636  0.36450E-02
  -232.7273  0.38831E-02
  -229.0909  0.41283E-02
  -225.4545  0.43801E-02
  -221.8182  0.46377E-02
  -218.1818  0.49002E-02
  -214.5455  0.51669E-02
  -210.9091  0.54366E-02
  -207.2727  0.57083E-02
  -203.6364  0.59809E-02
  -200.0000  0.62529E-02
  -196.3636  0.65232E-02
  -192.7273  0.67904E-02
  -189.0909  0.70529E-02
  -185.4545  0.73092E-02
  -181.8182  0.75580E-02
  -178.1818  0.77975E-02
  -174.5455  0.80264E-02
  -170.9091  0.82430E-02
  -167.2727  0.84460E-02
  -163.6364  0.86339E-02
  -160.0000  0.88055E-02
  -156.3636  0.89596E-02
  -152.7273  0.90951E-02
  -149.0909  0.92111E-02
  -145.4545  0.93070E-02
  -141.8182  0.93821E-02
  -138.1818  0.94363E-02
  -134.5455  0.94694E-02
  -130.9091  0.94817E-02
  -127.2727  0.94736E-02
  -123.6364  0.94458E-02
  -120.0000  0.93992E-02
  -116.3636  0.93352E-02
  -112.7273  0.92551E-02
  -109.0909  0.91606E-02
  -105.4545  0.90537E-02
  -101.8182  0.89365E-02
   -98.1818  0.88112E-02
   -94.5455  0.86801E-02
   -90.9091  0.85455E-02
   -87.2727  0.84099E-02
   -83.6364  0.82757E-02
   -80.0000  0.81451E-02
   -76.3636  0.80202E-02
   -72.7273  0.79030E-02
   -69.0909  0.77950E-02
   -65.4545  0.76978E-02
   -61.8182  0.76123E-02
   -58.1818  0.75393E-02
   -54.5455  0.74792E-02
   -50.9091  0.74319E-02
   -47.2727  0.73970E-02
   -43.6364  0.73738E-02
   -40.0000  0.73612E-02
   -36.3636  0.73581E-02
   -32.7273  0.73627E-02
   -29.0909  0.73734E-02
   -25.4545  0.73885E-02
   -21.8182  0.74061E-02
   -18.1818  0.74245E-02
   -14.5455  0.74420E-02
   -10.9091  0.74573E-02
    -7.2727  0.74690E-02
    -3.6364  0.74765E-02
     0.0000  0.74790E-02
     3.6364  0.74765E-02
     7.2727  0.74690E-02
    10.9091  0.74573E-02
    14.5455  0.74420E-02
    18.1818  0.74245E-02
    21.8182  0.74061E-02
    25.4545  0.73885E-02
    29.0909  0.73734E-02
    32.7273  0.73627E-02
    36.3636  0.73581E-02
    40.0000  0.73612E-02
    43.6364  0.73738E-02
    47.2727  0.73970E-02
    50.9091  0.74319E-02
    54.5455  0.74792E-02
    58.1818  0.75393E-02
    61.8182  0.76123E-02
    65.4545  0.76978E-02
    69.0909  0.77950E-02
    72.7273  0.79030E-02
    76.3636  0.80202E-02
    80.0000  0.81451E-02
    83.6364  0.82757E-02
    87.2727  0.84099E-02
    90.9091  0.85455E-02
    94.5455  0.86801E-02
    98.1818  0.88112E-02
   101.8182  0.89365E-02
   105.4545  0.90537E-02
   109.0909  0.91606E-02
   112.7273  0.92551E-02
   116.3636  0.93352E-02
   120.0000  0.93992E-02
   123.6364  0.94458E-02
   127.2727  0.94736E-02
   130.9091  0.94817E-02
   134.5455  0.94694E-02
   138.1818  0.94363E-02
   141.8182  0.93821E-02
   145.4545  0.93070E-02
   149.0909  0.92111E-02
   152.7273  0.90951E-02
   156.3636  0.89596E-02
   160.0000  0.88055E-02
   163.6364  0.86339E-02
   167.2727  0.84460E-02
   170.9091  0.82430E-02
   174.5455  0.80264E-02
   178.1818  0.77975E-02
   181.8182  0.75580E-02
   185.4545  0.73092E-02
   189.0909  0.70529E-02
   192.7273  0.67904E-02
   196.3636  0.65232E-02
   200.0000  0.62529E-02
   203.6364  0.59809E-02
   207.2727  0.57083E-02
   210.9091  0.54366E-02
   214.5455  0.51669E-02
   218.1818  0.49002E-02
   221.8182  0.46377E-02
   225.4545  0.43801E-02
   229.0909  0.41283E-02
   232.7273  0.38831E-02
   236.3636  0.36450E-02
   240.0000  0.34146E-02
   243.6364  0.31924E-02
   247.2727  0.29786E-02
   250.9091  0.27736E-02
   254.5455  0.25776E-02
   258.1818  0.23906E-02
   261.8182  0.22129E-02
   265.4545  0.20442E-02
   269.0909  0.18847E-02
   272.7273  0.17342E-02
   276.3636  0.15926E-02
   280.0000  0.14596E-02
   283.6364  0.13351E-02
   287.2727  0.12187E-02
   290.9091  0.11103E-02
   294.5455  0.10094E-02
   298.1818  0.91588E-03
   301.8182  0.82931E-03
   305.4545  0.74937E-03
   309.0909  0.67574E-03
   312.7273  0.60806E-03
   316.3636  0.54601E-03
   320.0000  0.48924E-03
   323.6364  0.43743E-03
   327.2727  0.39024E-03
   330.9091  0.34738E-03
   334.5455  0.30852E-03
   338.1818  0.27339E-03
   341.8182  0.24169E-03
   345.4545  0.21316E-03
   349.0909  0.18754E-03
   352.7273  0.16460E-03
   356.3636  0.14410E-03
   360.0000  0.12583E-03
   363.6364  0.10959E-03
   367.2727  0.95186E-04
   370.9091  0.82447E-04
   374.5455  0.71211E-04
   378.1818  0.61327E-04
   381.8182  0.52656E-04
   385.4545  0.45071E-04
   389.0909  0.38456E-04
   392.7273  0.32704E-04
   396.3636  0.27717E-04
   400.0000  0.23407E-04
